{
    "labels": [
        [
            "BlackWidow.png",
            [
                0.9916950464248657,
                0.007131114136427641,
                -0.1284136325120926,
                0.32853999733924866,
                -0.010370053350925446,
                -0.9907770156860352,
                -0.13510461151599884,
                0.3525611460208893,
                -0.1281927227973938,
                0.1353142410516739,
                -0.9824747443199158,
                2.656644821166992,
                0.0,
                0.0,
                0.0,
                1.0,
                4.2647,
                0.0,
                0.5,
                0.0,
                4.2647,
                0.5,
                0.0,
                0.0,
                1.0
            ]
        ],
        [
            "CaptainAmerica.png",
            [
                0.9492306709289551,
                0.04098673164844513,
                -0.3118993937969208,
                0.796955406665802,
                -0.02664106711745262,
                -0.977440357208252,
                -0.20952460169792175,
                0.5532142519950867,
                -0.31345078349113464,
                0.20719650387763977,
                -0.9267244338989258,
                2.5196855068206787,
                0.0,
                0.0,
                0.0,
                1.0,
                4.2647,
                0.0,
                0.5,
                0.0,
                4.2647,
                0.5,
                0.0,
                0.0,
                1.0
            ]
        ],
        [
            "DoctorStrange.png",
            [
                0.9927599430084229,
                0.009308906272053719,
                -0.1197543740272522,
                0.3062841296195984,
                -0.009347093291580677,
                -0.9879820346832275,
                -0.1542862206697464,
                0.40285158157348633,
                -0.11975140124559402,
                0.15428853034973145,
                -0.9807419180870056,
                2.6521501541137695,
                0.0,
                0.0,
                0.0,
                1.0,
                4.2647,
                0.0,
                0.5,
                0.0,
                4.2647,
                0.5,
                0.0,
                0.0,
                1.0
            ]
        ],
        [
            "ScarletWitch.png",
            [
                0.9811177849769592,
                0.012368004769086838,
                -0.19301539659500122,
                0.49361780285835266,
                0.007133297622203827,
                -0.9995883107185364,
                -0.027792122215032578,
                0.07720507681369781,
                -0.1932796686887741,
                0.02589050866663456,
                -0.9808021187782288,
                2.653371572494507,
                0.0,
                0.0,
                0.0,
                1.0,
                4.2647,
                0.0,
                0.5,
                0.0,
                4.2647,
                0.5,
                0.0,
                0.0,
                1.0
            ]
        ],
        [
            "Hulk.png",
            [
                0.9999274015426636,
                0.010487096384167671,
                0.005926348268985748,
                -0.01684948429465294,
                0.01030007004737854,
                -0.9994738698005676,
                0.030753618106245995,
                -0.06648280471563339,
                0.006245746277272701,
                -0.030690345913171768,
                -0.9995093941688538,
                2.6991288661956787,
                0.0,
                0.0,
                0.0,
                1.0,
                4.2647,
                0.0,
                0.5,
                0.0,
                4.2647,
                0.5,
                0.0,
                0.0,
                1.0
            ]
        ],
        [
            "IronMan.png",
            [
                0.9903903007507324,
                -0.008106205612421036,
                -0.13806244730949402,
                0.34755828976631165,
                -0.04530472308397293,
                -0.9622143507003784,
                -0.2684977054595947,
                0.6845763921737671,
                -0.13066916167736053,
                0.2721724212169647,
                -0.9533350467681885,
                2.5885438919067383,
                0.0,
                0.0,
                0.0,
                1.0,
                4.2647,
                0.0,
                0.5,
                0.0,
                4.2647,
                0.5,
                0.0,
                0.0,
                1.0
            ]
        ],
        [
            "SpiderMan.png",
            [
                0.9999314546585083,
                -0.0002979758137371391,
                0.011703728698194027,
                -0.031724657863378525,
                0.0001388848468195647,
                -0.9993037581443787,
                -0.03730808570981026,
                0.11701899021863937,
                0.011706696823239326,
                0.03730715066194534,
                -0.9992352724075317,
                2.6972763538360596,
                0.0,
                0.0,
                0.0,
                1.0,
                4.2647,
                0.0,
                0.5,
                0.0,
                4.2647,
                0.5,
                0.0,
                0.0,
                1.0
            ]
        ],
        [
            "Thor.png",
            [
                0.9991933107376099,
                0.0010821805335581303,
                0.04014313220977783,
                -0.10340641438961029,
                0.005084298085421324,
                -0.9950016140937805,
                -0.0997287705540657,
                0.26143577694892883,
                0.039834558963775635,
                0.09985242784023285,
                -0.9942045211791992,
                2.6853229999542236,
                0.0,
                0.0,
                0.0,
                1.0,
                4.2647,
                0.0,
                0.5,
                0.0,
                4.2647,
                0.5,
                0.0,
                0.0,
                1.0
            ]
        ]
    ]
}